function idx = cover_map()
idx = [[1620,3392,3209,3155,3273,2681,1561,1143,1326,3450,3568,1089,1207,472,673,737,2976,2007,3331,3514,558,944,1066,2857,2922,1265,1448,199,504,2739,3040,2351,2534,353,418,2296,2175,54,2120,2798,2265,2448,1703,1384,1502,283,2515,2636,1761,2062,790,972,145,143,2803,1971,1909,647,890,1850,1847,2211,2329,856,615,1886,1946,1799,2099,116,115,1737,1390,1512,3080,3098,825,1008,384,319,57,911,1034,85,201,502,2506,2624,2705,3008,265,2860,2919,3484,3302,299,3062,3064,2233,2417,2457,2277,2032,2158,2153,982,801,438,631,874,2394,2574,1913,1978,566,2570,2387,2470,2592,709,771,1827,1482,1297,2096,1795,27,2985,2988,560,1454,1271,337,402,1536,1416,86,2499,2620,1859,1234,1111,2721,3022,729,667,2154,1288,1470,2378,2558,1177,1362,1738,1733,2869,2931,605,848,227,530,1518,1398,1904,1966,3430,3552,1596,2028,2025,783,966,3423,3546,127,129,3328,3510,1123,1243,2981,];
    [1621,3390,3215,3149,3271,2679,1560,1149,1324,3452,3574,1083,1205,478,675,730,2982,2006,3333,3508,564,950,1068,2863,2916,1267,1442,205,498,2741,3038,2356,2532,359,412,2291,2173,56,2122,2800,2271,2446,1701,1386,1508,277,2517,2634,1763,2060,797,974,139,141,2797,1965,1907,649,884,1844,1849,2205,2327,851,613,1887,1947,1793,2093,114,117,1735,1397,1514,3082,3100,831,1006,378,325,55,916,1032,79,203,500,2508,2630,2707,3002,259,2858,2921,3486,3308,293,3068,3066,2235,2410,2455,2275,2038,2152,2159,980,803,444,633,868,2396,2576,1919,1972,567,2564,2389,2477,2594,707,765,1826,1476,1303,2094,1797,26,2991,2986,562,1452,1276,343,396,1542,1422,87,2501,2618,1853,1228,1113,2723,3020,723,665,2156,1294,1472,2380,2560,1183,1356,1732,1739,2867,2925,607,842,229,524,1524,1404,1910,1968,3437,3554,1602,2026,2031,789,964,3429,3544,125,123,3334,3512,1117,1237,2979,];
    [1622,3370,3185,3156,3251,2661,1563,1171,1338,3448,3544,1125,1219,471,707,772,2979,2005,3329,3517,582,914,1026,2858,2892,1261,1484,223,536,2732,3020,2374,2560,350,382,2333,2201,16,2108,2793,2235,2455,1707,1380,1530,253,2477,2638,1749,2066,815,1006,177,147,2773,1968,1914,607,889,1849,1807,2208,2334,893,641,1884,1944,1763,2063,118,77,1739,1415,1546,3068,3093,795,1015,416,343,59,934,1060,117,189,506,2466,2594,2701,3044,297,2840,2912,3480,3330,263,3090,3060,2267,2452,2459,2279,2031,2122,2150,986,789,462,629,877,2356,2536,1910,1942,564,2569,2347,2495,2626,714,768,1825,1452,1298,2098,1757,25,2955,2995,548,1480,1294,338,372,1539,1419,84,2492,2600,1823,1237,1109,2709,3026,765,679,2116,1264,1468,2373,2553,1178,1332,1702,1730,2874,2928,601,884,187,529,1542,1422,1874,1926,3455,3586,1599,2035,1995,811,978,3451,3558,139,165,3304,3508,1093,1213,2961,];
    [1623,3388,3216,3125,3269,2672,1562,1185,1320,3430,3577,1111,1201,442,701,755,2952,2004,3311,3484,596,949,1075,2833,2919,1279,1470,237,522,2721,3033,2393,2566,323,411,2314,2207,58,2126,2780,2268,2406,1689,1398,1544,278,2519,2596,1767,2048,832,1000,163,129,2798,1935,1867,654,854,1814,1854,2175,2287,874,647,1885,1945,1790,2090,76,119,1697,1432,1540,3086,3080,828,966,402,357,17,953,1066,103,207,488,2515,2629,2719,3030,283,2853,2901,3498,3344,290,3104,3078,2261,2435,2417,2237,2002,2151,2123,968,807,476,611,844,2398,2578,1883,1971,565,2534,2394,2512,2620,667,735,1824,1479,1273,2056,1799,24,2988,2946,566,1486,1313,313,399,1512,1392,85,2481,2613,1850,1204,1091,2727,3008,751,661,2158,1297,1450,2360,2540,1153,1359,1731,1703,2827,2895,619,870,234,494,1556,1436,1909,1975,3472,3580,1572,1986,2028,825,960,3465,3540,121,151,3337,3490,1118,1238,2972,];
    [1624,3399,3211,3130,3278,2655,1565,1141,1366,3422,3570,1101,1247,437,703,775,2975,2003,3303,3491,546,908,1032,2854,2898,1289,1460,187,506,2736,3014,2373,2564,316,416,2334,2205,49,2140,2797,2229,2451,1739,1408,1500,259,2508,2604,1781,2098,812,1002,147,179,2779,1972,1910,613,893,1853,1813,2212,2330,894,645,1882,1942,1797,2097,84,108,1705,1412,1542,3100,3097,789,1011,386,307,25,933,1064,87,221,538,2472,2588,2729,3020,267,2834,2916,3508,3300,297,3060,3088,2263,2455,2425,2245,1997,2156,2116,1018,821,426,603,851,2389,2569,1876,1976,562,2573,2353,2492,2622,710,772,1823,1458,1294,2064,1788,23,2949,2991,580,1484,1293,334,378,1535,1415,82,2496,2594,1857,1211,1083,2741,3058,741,707,2149,1290,1442,2377,2557,1174,1338,1736,1696,2870,2932,629,860,193,533,1506,1386,1868,1932,3452,3582,1595,2031,1989,781,1006,3421,3586,167,141,3330,3482,1099,1219,2955,];
    [1625,3362,3190,3151,3243,2676,1564,1161,1348,3459,3551,1081,1229,476,705,752,2958,2002,3338,3510,566,953,1071,2839,2915,1307,1440,207,486,2715,3037,2394,2562,357,377,2313,2203,24,2158,2774,2272,2412,1721,1426,1520,274,2485,2629,1799,2080,835,1004,127,161,2794,1929,1873,650,848,1808,1850,2169,2293,873,643,1883,1943,1756,2056,109,85,1728,1435,1544,3118,3074,832,972,366,327,48,954,1062,67,239,520,2511,2633,2747,3000,247,2857,2895,3526,3320,256,3080,3106,2265,2432,2448,2268,2036,2117,2157,1000,839,446,638,870,2364,2544,1917,1937,563,2528,2390,2515,2624,673,729,1822,1475,1279,2089,1765,22,2992,2952,598,1482,1314,319,395,1518,1398,83,2475,2617,1816,1230,1118,2759,3040,721,689,2124,1271,1479,2354,2534,1159,1355,1697,1737,2833,2889,647,840,230,488,1526,1406,1913,1971,3475,3584,1578,1992,2032,801,988,3441,3568,149,121,3311,3519,1114,1234,2976,];
    [1626,3401,3213,3137,3280,2653,1567,1140,1368,3428,3572,1103,1249,430,697,777,2969,2001,3309,3496,544,902,1034,2848,2904,1295,1462,185,507,2742,3012,2371,2570,311,414,2336,2211,47,2138,2803,2223,2445,1733,1414,1501,265,2506,2598,1779,2092,810,996,146,173,2785,1978,1904,615,899,1859,1815,2218,2324,896,651,1880,1940,1795,2095,78,106,1699,1410,1536,3098,3103,783,1005,387,305,19,931,1070,86,219,532,2474,2582,2735,3022,266,2832,2922,3514,3301,295,3061,3094,2257,2457,2419,2239,1990,2154,2111,1012,819,424,609,856,2387,2567,1871,1974,560,2579,2355,2490,2616,704,778,1821,1464,1288,2058,1786,21,2943,2985,578,1490,1291,328,384,1529,1409,80,2502,2592,1855,1216,1089,2739,3052,743,709,2147,1292,1448,2383,2563,1168,1344,1734,1691,2864,2938,635,862,195,539,1504,1384,1862,1934,3450,3576,1589,2025,1983,780,1008,3420,3588,169,143,3332,3488,1105,1225,2953,];
    [1627,3368,3197,3153,3249,2682,1566,1163,1354,3461,3556,1080,1235,474,711,750,2964,2000,3340,3512,567,959,1065,2845,2909,1309,1441,206,484,2713,3043,2396,2556,355,370,2311,2197,18,2152,2772,2278,2414,1719,1428,1522,268,2479,2627,1793,2078,837,1010,125,159,2788,1923,1875,644,842,1802,1844,2163,2295,871,637,1881,1941,1751,2051,107,79,1726,1437,1550,3112,3072,838,974,364,326,46,956,1056,65,233,518,2505,2639,2749,3001,245,2863,2893,3528,3322,251,3082,3108,2271,2430,2446,2266,2034,2110,2155,998,833,447,640,872,2358,2538,1915,1930,561,2522,2384,2517,2630,675,723,1820,1469,1285,2087,1759,20,2998,2954,592,1476,1316,325,389,1524,1404,81,2473,2623,1811,1232,1120,2753,3038,720,695,2118,1276,1481,2352,2532,1165,1349,1690,1735,2835,2883,649,841,224,482,1527,1407,1919,1965,3477,3590,1584,1994,2038,803,994,3443,3574,155,120,3316,3521,1108,1228,2982,];
    [1628,3377,3187,3162,3256,2663,1569,1173,1344,3454,3546,1131,1225,465,709,778,2981,1999,3335,3523,576,912,1024,2860,2894,1260,1490,217,534,2730,3022,2368,2558,344,380,2339,2199,11,2102,2791,2233,2457,1706,1381,1532,255,2470,2632,1743,2067,809,1008,175,146,2775,1966,1916,605,887,1847,1805,2206,2336,899,639,1878,1938,1761,2061,112,70,1733,1409,1548,3062,3091,793,1017,414,337,53,928,1058,115,183,507,2464,2592,2700,3050,295,2842,2910,3481,3332,261,3092,3061,2269,2458,2453,2273,2025,2120,2144,987,783,456,635,883,2351,2531,1904,1940,558,2567,2345,2489,2628,716,766,1819,1454,1300,2092,1750,19,2953,2997,542,1478,1288,340,374,1541,1421,78,2490,2602,1821,1243,1115,2703,3027,771,685,2111,1266,1474,2371,2551,1180,1334,1700,1724,2876,2926,600,890,185,527,1536,1416,1872,1924,3449,3588,1601,2037,1993,813,984,3453,3564,145,171,3306,3514,1095,1215,2963,];
